-------------------

Prediction: [1 1 0 1 1 0 1 1 0 1 1 1 0 0 1 0 0 1 0 1 1 1 1 0 1 1 1 0 0 1 0 1 0 0 1 1 0
 1 0 1 0 1 1 1 1 1 1 1 1 1 1 1 0 0 0 0 1 0 1 0 0 1 1 1 1 1 1 1 0 0 1 0 1 0
 1 1 1 1 0 0 0 1 1 0 1 1 1 1 1 1 1 1 0 1 1 1 1 1 0 0 1 1 1 1 0 0 0 0 1 0 1
 1 1 0 0 1 1 0 0 1 0 1 1 1 1 0 0 1 1 0 1 1 1 1 1 1 1 0 0 1 1 0 1 1 1 0 1 0
 0 1 1 1 1 1 1 1 0 1 1 0 1 1 0 1 0 0 0 1 1 0 0 1 1 1 0 0 0 1 1 1 1 1 1 1 1
 1 1 1 1 1 1 0 1 1 1 1 1 1 1 0 1 1 1 1 1 1 0 1 0 1 1 0 1 1 0 1 1 1 1 1 1 0
 0 0 1 0 1 0 0 0 1 1 1 1 0 1 0 1 0 0 0 0 1 0 0 1 1 1 1 0 1 1 1 1 0 1 1 1 0
 0 1 0 0 0 1 1 1 1 1 1 0 1 0 1 1 0 1 0 1 1 1 0 0 1 0 0 1 1 1 1 1 0 0 1 1 0
 0 1 0 1 1 1 0 1 1 1 0 1 0 1 0 1 1 0 1 1 1 1 1 1 1 1 1 1 1 1 0 1 1 1 1 1 1
 1 0 1 1 0 1 1 1 0 0 0 1 0 1 1 0 0 0 1 0 1 1 0 0 1 1 0 1 1 1 1 1 1 1 1 0 1
 1 0 1 0 1 1 1 1 1 0 1 1 1 1 1 0 1 1 1 0 1 1 0 0 1 0 1 0 1 1 0 0 0 0 0 1 1
 1 1 1 1 0 1 1 0 1 1 1 1 1 1 0 0 1 1 1 1 1 1 0 1 0 1 1 1 1 1 1 1 0 0 1 0 0
 0 0 0 0 0 0 1 0 0 1 0 1 1 1 0 1 0 1 0 1 0 1 0 1 0 0 1 1 1 1 0 1 1 1 1 1 0
 0 0 0 0 1 1 0 1 1 1 1 1 0 1 1 1 0 1 1 1 0 1 1 1 0 1 1 1 1 1 1 1 1 0 1 1 1
 1 1 1 1 0 1 0 1 1 1 0 0 1 0 0 1 1 0 0 1 1 0 0 1 0 0 1 0 1 1 1 0 0 1 0 0 1
 1 0 1 1 1 1 1 1 0 1 1 1 0 1 1 1 1 1 1 1 1 1 1 1 1 1 1 0 0 1 1 0 1 0 1 0 1
 1 0 0 1 1 1 0 0 0 1 0 0 1 1 0 0 1 1 0 0 1 0 0 0 0 0 1 1 1 1 1 1 0 0 1 1 1
 1 0 0 0 0 0 0 1 0 0 1 1 1 1 1 1 1 1 1 0 1 1 1 0 0 1 1 1 0 1 0 0 1 1 1 1 1
 0 0 1 1 1 1 1 0 0 1 0 0 0 1 1 0 1 1 0 0 1 1 1 0 1 0 1 0 1 1 1 1 1 1 0 0 0
 0 1 1 1 1 1 1 0 1 1 1 1 1 1 0 1 1 1 1 0 1 1 0 0 1 0 1 0 1 0 1 1 1 1 1 1 0
 1 0 0 1 1 1 1 1 0 0 1 1 1 0 0 1 1 1 1 1 0 0 1 1 1 0 1 0 0 1 1 0 1 0 1 1 1
 1 1 0 1 0 1 1 0 1 0 1 1 0 1 1 1 1 1 0 1 1 0 0 1 1 1 1 1 1 1 1 1 0 1 1 1 1
 1 1 0 0 1 0 1 1 1 1 0 0 0 0 1 1 1 1 0 1 0 1 0 0 1 0 0 1 1 1 0 0 1 1 0 1 1
 1 1 0 1 1 0 1 0 1 0 0 1 0 1 1 1 1 0 0 1 1 0 1 1 0 1 0 1 0 0 1 1 1 1 1 1 0
 1 1 0 1 1 1 0 0 1 0 1 0 1 0 1 0 1 0 0 1 1 1 1 1 0 0 1 0 0 0 1 0 1 1 1 1 0
 0 0 0 0 1 1 0 0 1 1 0 1 0 0 0 1]
Actual Label: [0 0 0 1 0 0 0 0 0 1 1 0 1 0 1 0 0 0 0 0 0 0 0 0 1 0 0 0 1 1 0 0 0 0 0 0 0
 0 0 0 0 0 0 1 0 0 0 0 0 1 0 0 0 0 1 0 1 0 1 0 1 0 0 1 0 0 0 0 0 0 0 0 0 0
 0 0 0 0 0 0 0 0 0 0 0 1 1 0 1 0 1 0 0 0 0 0 0 0 0 1 0 0 1 0 0 0 1 0 0 0 0
 1 0 0 0 0 1 0 0 0 1 1 0 0 0 0 0 1 1 0 0 1 0 0 0 1 1 0 0 0 1 0 1 0 0 0 0 0
 0 1 1 1 1 0 0 0 0 0 0 1 0 1 0 1 0 1 1 1 0 0 0 1 0 0 0 1 0 0 1 0 0 0 0 0 0
 0 0 0 0 0 1 0 0 0 0 1 0 0 1 0 0 1 0 0 0 0 1 0 0 1 1 0 0 0 0 0 0 0 0 0 0 0
 0 0 0 0 0 0 0 0 0 0 0 0 0 0 0 1 0 0 1 0 0 1 1 1 1 0 1 0 0 0 0 0 1 0 0 0 0
 1 0 0 0 1 0 0 0 0 0 0 0 0 0 0 1 0 0 1 0 0 1 0 0 1 0 0 0 1 0 0 0 1 0 1 1 0
 0 0 1 0 0 0 0 0 1 0 0 0 0 0 0 0 0 0 0 1 0 0 0 0 1 0 0 0 1 0 0 0 0 0 0 0 0
 0 0 0 0 0 0 0 0 0 0 1 0 0 0 1 0 0 0 0 1 1 0 0 0 1 0 0 0 0 0 0 0 1 0 0 1 1
 0 0 0 1 0 0 0 0 0 0 0 0 0 1 1 1 1 0 0 1 0 0 1 0 0 0 0 0 0 0 0 0 0 0 0 0 1
 1 0 0 0 0 0 0 1 1 0 0 0 1 1 0 0 0 1 0 0 0 0 0 0 1 0 0 1 0 0 0 0 1 0 0 0 0
 0 0 0 0 1 0 0 0 0 0 0 0 0 0 1 0 0 0 1 1 0 0 0 0 0 0 0 0 1 1 0 1 1 0 0 0 0
 0 0 0 0 0 0 0 0 0 0 0 0 0 0 1 0 1 0 0 0 0 0 0 1 0 0 0 0 1 1 0 0 1 0 0 0 1
 1 0 0 1 0 0 0 0 0 0 1 0 0 0 0 0 1 0 0 1 0 1 0 0 0 0 0 1 1 0 0 1 0 0 0 0 0
 0 1 0 0 0 1 0 0 0 0 0 0 0 0 0 0 0 0 0 1 0 0 1 0 1 1 0 0 0 1 0 0 0 0 0 0 0
 0 1 0 0 1 0 0 0 0 0 0 0 1 0 1 0 0 0 0 0 0 1 1 1 0 0 1 0 0 0 0 0 0 1 0 0 1
 0 0 0 0 0 1 0 0 0 0 1 0 0 0 1 0 0 0 0 0 0 0 1 0 0 0 1 0 1 0 0 0 0 0 0 1 1
 0 0 0 0 1 0 0 0 0 0 0 0 1 0 1 0 0 0 0 1 0 0 0 0 1 0 0 0 1 0 0 0 0 0 0 0 1
 0 0 0 0 0 1 0 0 0 0 0 1 1 1 0 1 0 0 0 0 0 0 0 1 0 0 0 0 1 0 0 0 0 0 0 0 0
 0 0 0 1 1 0 0 0 0 0 0 0 0 1 0 1 1 1 0 0 0 0 0 0 0 1 1 0 0 0 0 1 0 1 0 1 1
 0 0 0 0 0 1 1 0 0 0 0 0 1 0 0 0 0 1 0 0 0 0 0 0 0 0 0 0 1 0 0 1 0 0 0 0 0
 0 0 0 0 0 0 1 1 0 0 0 0 0 0 0 0 0 1 0 1 0 0 0 0 0 0 0 0 0 0 0 0 0 0 0 0 0
 0 0 0 1 0 0 0 0 0 0 0 0 0 0 0 1 1 0 0 1 1 0 0 1 0 0 0 0 0 1 1 0 0 0 0 0 0
 0 0 1 1 0 0 0 0 0 0 0 0 0 0 1 0 0 1 0 1 0 0 1 0 0 0 0 0 0 0 1 1 0 1 0 1 0
 1 1 0 0 0 0 0 0 0 0 0 0 0 0 0 0]
Acurracy: 0.4452709883103082
Training time(secs): 2.8555619716644287
Max training iterations: 3
Training time / Max training iterations: 0.9518539905548096
Classification report:               precision    recall  f1-score   support

        Real       0.81      0.38      0.51       735
        Fake       0.24      0.69      0.35       206

   micro avg       0.45      0.45      0.45       941
   macro avg       0.53      0.53      0.43       941
weighted avg       0.69      0.45      0.48       941
